Species	class	label	shannon	equitability	PC1	PC2	IG_C_gene	IG_D_gene	IG_J_gene	IG_LV_gene	IG_V_gene	miRNA	misc_RNA	Mt_rRNA	Mt_tRNA	ncRNA	pre_miRNA	protein_coding	ribozyme	rRNA	scaRNA	scRNA	snoRNA	snRNA	sRNA	TEC	TR_C_gene	TR_D_gene	TR_J_gene	TR_V_gene	transposable_element	tRNA	vault_RNA	Y_RNA	lncRNA	pseudogene	total_genes
Acanthochromis Polyacanthus	Actinopteri	Actinopteri	0.143925303	0.087101931	-0.177503516	-0.015612127	0	0	2	0	4	126	16	0	0	0	0	24016	3	38	12	0	248	58	8	0	0	0	5	0	0	0	0	0	0	29	24565
Ailuropoda Melanoleuca	Mammalia	Mammalia	0.669268025	0.405033279	-0.04551512	0.016803259	7	0	0	0	22	232	15	0	0	0	0	20820	8	19	27	0	635	1289	0	0	3	0	3	2	0	0	1	30	766	583	24462
Amphilophus Citrinellus	Actinopteri	Actinopteri	0.208297793	0.126059419	-0.166294042	-0.007595129	0	0	3	0	15	180	19	0	0	0	0	23675	3	324	9	0	199	42	6	0	0	0	3	0	0	0	0	0	0	50	24528
Amphiprion Ocellaris	Actinopteri	Actinopteri	0.278004611	0.16824518	-0.153238358	0.000497359	0	0	3	0	32	117	17	2	22	0	0	23555	3	530	16	0	230	201	6	0	0	0	2	0	0	0	0	0	0	37	24773
Amphiprion Percula	Actinopteri	Actinopteri	0.230430966	0.13945416	-0.162576504	-0.005249692	0	0	12	0	40	123	23	0	0	0	0	23872	3	407	12	0	221	81	5	0	0	0	2	0	0	0	0	0	0	39	24840
Anas Platyrhynchos	Aves	Livestock	0.447781335	0.270992092	-0.092900327	-0.020374893	0	0	0	0	0	124	5	0	0	0	0	16765	3	34	15	0	202	96	0	0	0	0	0	0	0	0	1	4	786	455	18490
Anolis Carolinensis	Lepidosauria	Lepidosauria	0.702525686	0.425160431	0.024499689	-0.04785221	0	0	0	0	1	289	3	2	22	0	0	21554	3	125	14	0	192	265	0	0	0	0	0	0	0	0	8	2	3173	826	26479
Arabidopsis Thaliana	Magnoliopsida	Magnoliopsida	0.613656583	0.371377877	-0.010041051	-0.054357392	0	0	0	0	0	325	0	0	0	299	0	27628	0	15	0	0	287	82	0	0	0	0	0	0	0	689	0	0	3508	0	32833
Astatotilapia Calliptera	Actinopteri	Actinopteri	0.217674776	0.13173426	-0.16469284	-0.007860065	0	0	4	0	27	410	43	0	0	0	0	26983	3	182	11	0	202	86	2	0	0	0	4	0	0	0	0	0	0	44	28001
Astyanax Mexicanus	Actinopteri	Actinopteri	0.173979145	0.105290169	-0.172722014	-0.011787349	0	0	4	0	28	38	21	0	0	0	0	26662	7	246	10	0	234	123	1	0	0	0	4	0	0	0	0	0	0	42	27420
Betta Splendens	Actinopteri	Actinopteri	0.663859575	0.401760147	-0.00940539	-0.028475802	0	0	1	0	13	79	15	0	0	0	0	22369	7	741	6	0	167	265	0	0	0	0	5	0	0	0	4	1	2441	613	26727
Bos Grunniens	Mammalia	Livestock	0.91491047	0.55369325	0.035909199	0.023983314	0	0	0	0	6	748	25	0	0	0	0	20953	5	185	34	0	767	1265	0	0	1	0	5	2	0	0	8	14	1698	1208	26924
Bos Mutus	Mammalia	Mammalia	0.861871867	0.5215949	-0.004552158	0.035428471	0	0	0	0	5	669	384	2	22	0	0	20832	8	339	32	0	756	1196	3	0	1	0	5	4	0	0	0	0	928	586	25772
Bos Taurus	Mammalia	Livestock	0.907875987	0.549436062	0.017206719	0.026627531	1	0	0	0	2	951	372	2	22	0	0	21861	8	393	33	0	770	1201	3	0	1	0	5	10	0	0	0	0	1480	492	27607
Callithrix Jacchus	Mammalia	Mammalia	1.491472954	0.902622206	0.287814678	0.048098586	1	0	0	0	71	540	4204	0	0	0	0	21965	4	213	49	0	1501	3083	0	0	3	0	12	26	0	0	16	937	6268	1295	40188
Camelus Dromedarius	Mammalia	Mammalia	0.624895067	0.378179278	-0.061225147	0.021908598	1	0	0	0	17	197	9	0	0	0	0	19379	4	21	30	0	633	1027	0	0	1	0	5	3	0	0	2	8	445	662	22444
Canis Lupus Familiaris	Mammalia	Mammalia	1.069434836	0.647209612	0.203320007	-0.057538012	24	0	0	0	29	986	22	0	0	0	0	20500	6	27	28	0	618	1750	0	0	3	0	7	4	0	0	1	27	6479	610	31121
Capra Hircus	Mammalia	Livestock	0.878879492	0.531887718	0.043617781	-0.012514897	4	0	0	0	6	314	352	2	22	0	0	21343	8	384	28	0	682	1189	2	0	2	0	0	6	0	0	0	0	2705	222	27271
Carassius Auratus	Actinopteri	Actinopteri	0.581213618	0.351743769	-0.066940762	-0.004795614	10	0	1	0	126	233	64	2	22	0	0	54560	7	1890	22	0	441	952	0	0	3	0	25	49	0	0	7	3	2799	915	62131
Cavia Porcellus	Mammalia	Mammalia	1.212716144	0.733921805	0.143987505	0.042580343	0	0	0	0	0	474	1786	2	22	0	0	18095	20	541	59	0	1624	1354	2	0	0	0	0	0	0	0	0	0	2634	242	26855
Cercocebus Atys	Mammalia	Mammalia	1.114119872	0.674252479	0.061994989	0.093179152	23	0	0	0	101	1312	1923	0	0	0	0	20746	7	679	46	0	834	1653	1	0	8	0	0	48	0	0	0	0	538	540	28459
Chinchilla Lanigera	Mammalia	Mammalia	1.194912522	0.723147258	0.261970057	-0.061013259	0	0	0	0	0	462	978	2	22	0	0	17809	15	550	40	0	723	1326	2	0	0	0	0	0	0	0	0	0	7050	282	29261
Chlorocebus Sabaeus	Mammalia	Mammalia	1.133192417	0.685794963	0.095338783	0.132657514	0	0	0	0	0	3136	1916	2	22	0	0	19165	0	526	0	0	901	1739	0	0	0	0	0	0	0	0	0	0	3	575	27985
Ciona Intestinalis	Ascidiacea	Ascidiacea	0.166311776	0.100649966	-0.17216365	-0.012403655	0	0	0	0	0	292	13	2	24	0	0	16671	0	35	0	0	54	35	0	0	0	0	0	0	0	0	0	0	0	27	17153
Ciona Savignyi	Ascidiacea	Ascidiacea	0.261440601	0.158220833	-0.15459219	-0.002745124	0	0	0	0	0	62	7	2	24	0	0	11616	0	64	0	0	80	101	0	0	0	0	0	0	0	0	0	0	0	216	12172
Coturnix Japonica	Aves	Aves	0.750360536	0.45410953	0.147409553	-0.118949021	0	0	0	0	0	148	121	2	22	0	0	15732	2	26	18	0	196	64	2	0	0	0	0	0	0	0	0	0	5088	140	21561
Cyclopterus Lumpus	Actinopteri	Actinopteri	0.381028661	0.230594145	-0.12822579	0.002393066	0	0	1	0	6	73	5	0	0	0	0	21506	7	530	8	0	327	215	0	0	0	0	0	0	0	0	4	0	231	239	23152
Cynoglossus Semilaevis	Actinopteri	Actinopteri	0.132692318	0.080303858	-0.179460461	-0.016757143	0	0	0	0	1	64	15	2	22	0	0	21371	2	21	11	0	202	72	1	0	0	0	0	0	0	0	0	0	0	27	21811
Cyprinodon Variegatus	Actinopteri	Actinopteri	0.135439876	0.081966649	-0.179821675	-0.016784729	0	0	0	0	24	64	13	2	22	0	0	22993	4	48	9	0	175	66	1	0	0	0	2	0	0	0	0	0	0	35	23458
Cyprinus Carpio Carpio	Actinopteri	Actinopteri	0.564366418	0.341548038	-0.05203842	-0.031394767	15	0	0	0	68	314	49	2	22	0	0	46151	8	376	16	0	424	363	0	0	2	0	25	61	0	0	12	2	3753	1114	52777
Danio Rerio	Actinopteri	Actinopteri	0.780822554	0.472544792	0.01241376	-0.009000986	2	0	0	0	0	434	94	2	22	0	0	30153	4	1966	11	0	247	541	4	14	0	2	76	70	0	0	0	0	3274	325	37241
Dicentrarchus Labrax	Actinopteri	Actinopteri	0.41722504	0.252499776	-0.11120343	-0.015719351	0	0	2	0	33	129	12	0	0	0	0	22969	2	242	8	0	266	387	0	0	0	0	2	0	0	0	7	1	782	127	24969
Drosophila Melanogaster	Insecta	Insecta	1.226707799	0.742389392	0.1731877	0.158159207	0	0	0	0	0	485	0	0	0	2539	262	13968	0	115	0	0	299	32	0	0	0	0	0	0	5578	312	0	0	0	342	23932
Equus Caballus	Mammalia	Livestock	0.909604713	0.550482267	0.186839697	-0.101525596	0	0	0	0	18	668	9	2	22	0	0	20912	3	12	20	0	481	540	0	0	10	0	3	12	0	0	2	14	7241	402	30371
Esox Lucius	Actinopteri	Actinopteri	0.822298025	0.497645268	0.004568692	0.066424567	0	0	2	0	60	398	57	2	22	0	0	24854	14	3562	11	0	372	940	0	0	0	0	0	0	0	0	10	2	901	231	31438
Felis Catus	Mammalia	Mammalia	1.005448925	0.608486077	0.209126836	-0.080552417	1	0	0	0	11	221	28	2	22	0	0	19564	7	38	37	0	650	1620	0	0	2	0	3	7	0	0	2	30	6811	494	29550
Ficedula Albicollis	Aves	Aves	0.497027493	0.300795298	-0.034049509	-0.062808468	0	0	0	0	0	137	2	2	22	0	0	15457	3	3	18	0	186	29	0	0	0	0	0	0	0	0	0	4	1872	63	17798
Fundulus Heteroclitus	Actinopteri	Actinopteri	0.121666897	0.073631401	-0.181778709	-0.017992398	0	0	1	0	8	66	13	2	22	0	0	23054	4	20	11	0	176	57	1	0	0	0	6	0	0	0	0	0	0	28	23469
Gadus Morhua	Actinopteri	Actinopteri	0.776792975	0.470106137	0.01521112	-0.014772055	0	0	0	0	3	414	83	0	0	0	0	23510	10	1266	16	0	438	394	0	0	0	0	2	0	0	0	20	1	2697	209	29063
Gallus Gallus	Aves	Livestock	0.867012481	0.52470594	0.363990092	-0.191420496	0	0	0	0	0	674	5	2	22	0	0	17007	2	96	15	0	194	82	0	0	0	0	0	0	0	0	2	2	11944	61	30108
Gasterosteus Aculeatus	Actinopteri	Actinopteri	0.380004858	0.229974551	-0.12977443	0.012550854	0	0	0	0	0	504	10	2	22	0	0	20787	0	416	0	0	297	366	0	0	0	0	0	0	0	0	0	0	0	52	22456
Haplochromis Burtoni	Actinopteri	Actinopteri	0.205110834	0.124130708	-0.165926719	-0.008872164	0	0	3	0	30	393	16	0	0	0	0	23044	3	119	8	0	207	34	1	0	0	0	2	0	0	0	0	0	0	23	23883
Homo Sapiens	Mammalia	Human & Mouse	1.591564283	0.963196323	0.556870666	0.033715005	23	64	24	0	228	1924	2407	2	22	0	0	22895	8	71	51	1	1009	2072	6	1111	8	5	93	160	0	0	1	0	20062	17026	69292
Ictalurus Punctatus	Actinopteri	Actinopteri	0.302720363	0.183202867	-0.143326809	0.009163924	0	0	1	0	50	56	15	2	22	0	0	23598	5	1024	9	0	168	128	2	0	1	0	1	0	0	0	0	0	0	36	25118
Ictidomys Tridecemlineatus	Mammalia	Mammalia	0.987874878	0.597850467	0.104846773	-0.024200744	0	0	0	0	0	459	534	2	22	0	0	18474	10	104	30	0	684	1152	3	0	0	0	0	0	0	0	0	0	3418	309	25201
Kryptolebias Marmoratus	Actinopteri	Actinopteri	0.123856239	0.074956366	-0.181431553	-0.017812465	0	0	1	0	15	78	12	2	22	0	0	21911	3	21	9	0	168	31	1	0	0	0	3	0	0	0	0	0	0	37	22314
Labrus Bergylta	Actinopteri	Actinopteri	0.329737629	0.199553405	-0.141286662	0.008462201	0	0	38	0	85	97	48	0	0	0	0	27270	3	925	13	0	303	260	1	0	0	0	0	0	0	0	0	0	0	44	29087
Larimichthys Crocea	Actinopteri	Actinopteri	0.269353157	0.16300942	-0.156474108	-0.003672757	0	0	5	0	28	124	28	2	22	0	0	22891	13	183	7	0	253	129	0	0	0	0	5	0	0	0	9	1	0	258	23958
Lates Calcarifer	Actinopteri	Actinopteri	0.348145208	0.210693459	-0.138564231	0.007323164	0	0	3	0	34	135	22	0	0	0	0	25058	3	410	13	0	268	454	1	0	0	0	14	0	0	0	0	0	0	346	26761
Leptobrachium Leishanense	Amphibia	Amphibia	0.310862884	0.188130627	-0.140655048	0.004812628	0	0	0	0	0	29	30	0	0	0	0	29203	10	203	18	0	314	296	0	0	0	0	0	0	0	0	9	3	0	941	31056
Macaca Fascicularis	Mammalia	Mammalia	1.412916733	0.855080889	0.264021562	0.016610726	4	0	0	0	102	580	3274	2	22	0	0	22323	4	108	43	0	1305	1961	0	0	8	0	20	47	0	0	7	659	6624	1457	38550
Macaca Mulatta	Mammalia	Mammalia	1.374847756	0.832041984	0.219747487	0.036741329	3	2	0	0	88	626	3419	2	22	0	0	21591	4	145	43	0	1326	1875	0	0	8	0	21	48	0	0	7	666	4769	767	35432
Macaca Nemestrina	Mammalia	Mammalia	1.133680001	0.686090044	0.068797554	0.093334008	27	0	0	0	105	1306	1997	0	0	0	0	20872	7	697	49	0	832	1700	0	0	9	0	0	47	0	0	0	0	633	584	28865
Mastacembelus Armatus	Actinopteri	Actinopteri	0.274464357	0.166102659	-0.148947556	-0.017704006	0	0	3	0	45	106	13	0	0	0	0	22310	3	51	9	0	178	103	0	0	0	0	6	0	0	0	4	2	346	210	23389
Meleagris Gallopavo	Aves	Aves	0.454283797	0.274927307	-0.084741342	-0.033583565	0	0	0	0	0	156	4	2	22	0	0	16226	4	52	15	0	202	90	0	0	0	0	0	0	0	0	1	3	1034	159	17970
Mesocricetus Auratus	Mammalia	Mammalia	0.802935753	0.485927444	-0.030017496	0.0656923	0	0	0	0	0	772	702	2	22	0	0	18257	23	477	49	0	621	1049	3	0	0	0	0	0	0	0	0	0	0	306	22283
Monodelphis Domestica	Mammalia	Mammalia	0.985566331	0.596453361	0.288775783	-0.131148278	0	0	0	0	2	641	34	2	22	0	0	21380	2	45	20	0	278	801	0	0	0	0	0	2	0	0	13	10	10867	866	34985
Mus Musculus	Mammalia	Human & Mouse	1.652377865	1	0.468135344	0.084611138	13	19	14	4	218	2206	562	2	22	0	0	21959	22	354	51	1	1507	1381	2	3237	8	4	70	144	0	0	0	0	11527	13653	56980
Mus Spretus	Mammalia	Mammalia	1.564777981	0.946985562	0.319056404	0.06710777	10	4	11	1	77	1614	538	0	10	0	0	19905	18	280	49	0	1214	1129	2	2041	5	4	68	89	0	0	0	0	5787	5701	38557
Mustela Putorius Furo	Mammalia	Mammalia	1.106174063	0.669443768	0.256746918	-0.08324063	0	0	0	0	0	818	432	0	0	0	0	19910	0	504	0	0	612	1248	0	0	0	0	0	0	0	0	0	0	8246	287	32057
Myotis Lucifugus	Mammalia	Mammalia	0.926045204	0.560431862	0.026308141	0.092076698	0	0	0	0	0	785	446	0	0	0	0	19728	0	171	0	0	1406	1600	0	0	0	0	0	0	0	0	0	0	0	1713	25849
Neolamprologus Brichardi	Actinopteri	Actinopteri	0.20743558	0.125537617	-0.16643467	-0.009184705	0	0	4	0	22	360	14	2	22	0	0	23568	3	123	7	0	202	42	1	0	0	0	2	0	0	0	0	0	0	39	24411
Nothobranchius Furzeri	Actinopteri	Actinopteri	0.387619826	0.234583042	-0.10511868	-0.025121136	0	0	2	0	5	62	10	2	23	0	0	23421	4	23	9	0	152	63	0	0	0	0	0	0	0	0	9	1	1044	645	25475
Oncorhynchus Kisutch	Actinopteri	Actinopteri	0.661135352	0.400111479	-0.049951434	0.003972654	0	30	3	0	39	301	221	0	0	0	0	43835	44	1973	18	0	828	673	0	0	0	0	1	32	0	0	90	2	2353	561	51004
Oncorhynchus Mykiss	Actinopteri	Actinopteri	0.9070658	0.548945746	0.047464242	0.085084639	0	36	2	0	44	301	259	0	0	0	0	48164	119	9876	17	0	1100	1508	0	0	0	0	4	76	0	0	9	2	2436	541	64494
Oncorhynchus Tshawytscha	Actinopteri	Actinopteri	0.520499834	0.315000488	-0.059720183	-0.036539702	0	17	3	0	33	298	23	2	22	0	0	42356	15	36	19	0	618	351	0	0	0	0	2	4	0	0	26	4	3409	760	47998
Oreochromis Niloticus	Actinopteri	Actinopteri	0.682436337	0.41300259	-0.020685639	-0.018540335	0	0	10	0	32	860	46	2	22	0	0	28142	3	799	7	0	186	467	0	0	0	0	5	0	0	0	2	1	2578	275	33437
Oryctolagus Cuniculus	Mammalia	Mammalia	0.98129615	0.593869097	0.162842875	-0.062238826	1	0	0	0	3	288	63	2	22	0	0	20599	7	31	32	0	835	1293	0	0	1	0	7	1	0	0	6	11	5729	656	29587
Oryzias Latipes	Actinopteri	Actinopteri	0.201131881	0.121722692	-0.169240442	-0.011185808	0	0	3	0	16	230	59	2	22	0	0	23600	3	63	8	0	189	99	41	0	0	0	3	0	0	0	0	0	0	27	24365
Oryzias Melastigma	Actinopteri	Actinopteri	0.142939344	0.08650524	-0.1785909	-0.015909465	0	0	0	0	31	80	49	0	0	0	0	23510	4	70	9	0	182	47	9	0	0	0	2	0	0	0	0	0	0	26	24019
Ovis Aries	Mammalia	Livestock	0.933058396	0.564676165	0.039997142	0.020851488	0	0	0	0	0	1305	361	2	22	0	0	20921	0	305	0	0	756	1234	0	0	0	0	0	0	0	0	0	0	1858	290	27054
Pan Paniscus	Mammalia	Mammalia	1.20684044	0.730365896	0.10526599	0.079345341	28	0	0	0	70	1948	2004	2	22	0	0	21041	8	466	44	0	826	1690	0	0	9	0	0	62	0	0	0	0	1489	549	30258
Pan Troglodytes	Mammalia	Mammalia	1.21677359	0.736377324	0.110527756	0.078156761	30	0	0	0	108	2241	2284	2	22	0	0	23302	8	547	47	0	878	1903	0	0	13	0	0	81	0	0	0	0	1778	485	33729
Papio Anubis	Mammalia	Mammalia	1.315852728	0.796338874	0.173435645	0.058848014	3	0	0	0	75	443	3456	2	22	0	0	21731	4	111	44	0	1328	1850	0	0	6	0	17	50	0	0	7	683	3196	807	33835
Paramormyrops Kingsleyae	Actinopteri	Actinopteri	0.201719397	0.12207825	-0.16569641	-0.006079705	0	0	1	0	7	23	21	0	0	0	0	24782	3	493	6	0	160	153	1	0	0	0	2	0	0	0	0	0	0	40	25692
Parus Major	Aves	Aves	0.701594725	0.424597025	0.122459365	-0.115354114	0	0	0	0	0	132	113	2	22	0	0	15003	2	27	17	0	188	29	0	0	0	0	0	0	0	0	0	0	4433	38	20006
Pelodiscus Sinensis	Reptilia	Reptilia	0.313668832	0.189828755	-0.143520425	0.002587441	0	0	0	0	0	516	36	2	22	0	0	18189	0	57	0	0	253	156	0	0	0	0	0	0	0	0	0	0	0	97	19328
Petromyzon Marinus	Hyperoartia	Hyperoartia	0.718939592	0.435093938	-0.01140311	0.096905767	0	0	0	0	0	330	29	2	22	0	0	10415	0	1862	0	0	57	350	0	0	0	0	0	0	0	0	0	0	0	47	13114
Phascolarctos Cinereus	Mammalia	Mammalia	0.862146128	0.521760879	0.056178618	-0.027071877	0	0	0	0	0	128	771	2	22	0	0	19832	5	205	23	0	314	673	2	0	0	0	0	1	0	0	0	0	2988	511	25477
Podarcis Muralis	Lepidosauria	Lepidosauria	0.397733316	0.240703609	-0.109545793	-0.023704567	0	0	0	0	0	46	7	0	0	0	0	22062	3	42	20	0	248	280	0	0	0	0	0	0	0	0	64	3	900	267	23942
Poecilia Latipinna	Actinopteri	Actinopteri	0.117398422	0.071048169	-0.182024904	-0.018035568	0	0	1	0	16	75	14	0	0	0	0	23617	2	21	9	0	187	46	1	0	0	0	6	0	0	0	0	0	0	39	24034
Poecilia Reticulata	Actinopteri	Actinopteri	0.117562328	0.071147363	-0.182337957	-0.018255042	0	0	0	0	12	67	18	2	22	0	0	22857	2	19	8	0	169	50	1	0	0	0	2	0	0	0	0	0	0	25	23254
Pundamilia Nyererei	Actinopteri	Actinopteri	0.194918105	0.117962186	-0.167915009	-0.00993844	0	0	5	0	21	373	15	0	0	0	0	23473	3	112	9	0	196	35	1	0	0	0	2	0	0	0	0	0	0	27	24272
Rattus Norvegicus	Mammalia	Mammalia	0.969426739	0.586685866	0.062468748	0.015210022	0	0	0	0	38	444	27	2	22	0	0	23096	36	210	37	0	1706	1512	0	0	2	0	2	1	0	0	1	18	2488	918	30560
Rhinolophus Ferrumequinum	Mammalia	Mammalia	0.579452629	0.350678039	-0.077584191	0.022475217	1	0	0	0	63	207	15	0	0	0	0	19452	4	3	21	0	585	907	0	0	3	0	7	7	0	0	2	8	259	628	22172
Rhinopithecus Roxellana	Mammalia	Mammalia	1.099330555	0.665302155	0.056202118	0.100556073	16	0	0	0	88	1367	1919	2	22	0	0	21132	7	655	47	0	850	1792	3	0	8	0	0	45	0	0	0	0	282	648	28883
Saccharomyces Cerevisiae	Saccharomycetes	Saccharomycetes	0.35977422	0.217731203	-0.132522016	0.00399506	0	0	0	0	0	0	0	0	0	18	0	6600	0	24	0	0	77	6	0	0	0	0	0	0	91	299	0	0	0	12	7127
Salmo Salar	Actinopteri	Actinopteri	1.040979827	0.629988968	0.172477194	-0.032496443	0	34	4	0	93	480	56	0	0	0	0	47043	95	5197	24	0	901	2059	0	0	0	0	1	30	0	0	6	2	12756	608	69389
Salmo Trutta	Actinopteri	Actinopteri	0.546084821	0.330484227	-0.086577721	-0.003252225	0	39	2	0	58	400	49	2	22	0	0	43759	46	755	20	0	702	854	0	0	0	0	3	74	0	0	11	2	1578	581	48957
Sander Lucioperca	Actinopteri	Actinopteri	0.357428348	0.216311508	-0.132055489	-0.011128737	0	0	0	0	46	97	17	2	22	0	0	24470	2	173	12	0	271	208	0	0	0	0	5	0	0	0	4	1	453	335	26118
Sarcophilus Harrisii	Mammalia	Mammalia	0.757607652	0.458495401	0.046035654	-0.061539973	13	0	4	0	40	156	22	2	22	0	0	18998	3	12	20	0	292	499	0	0	14	24	57	91	0	0	1	4	3327	228	23829
Scophthalmus Maximus	Actinopteri	Actinopteri	0.900020946	0.544682282	0.157843577	0.186807392	0	0	1	0	0	86	10	2	22	0	0	21260	2	11329	7	0	234	351	0	0	0	0	2	0	0	0	6	1	939	201	34453
Seriola Dumerili	Actinopteri	Actinopteri	0.165932047	0.100420159	-0.174786562	-0.014326266	0	0	7	0	24	125	20	2	22	0	0	23241	2	40	13	0	235	66	1	0	0	0	6	0	0	0	0	0	0	41	23845
Sparus Aurata	Actinopteri	Actinopteri	0.441873575	0.267416784	-0.090010167	-0.034070684	0	0	8	0	56	118	20	0	0	0	0	25156	2	98	8	0	251	182	0	0	0	0	2	0	0	0	52	2	1540	219	27714
Sus Scrofa	Mammalia	Livestock	0.968487316	0.586117338	0.280334247	-0.132402132	1	0	0	0	10	388	17	2	22	0	0	22040	7	21	25	0	591	1104	0	0	0	0	4	8	0	0	3	9	10965	453	35670
Taeniopygia Guttata	Aves	Aves	0.720687041	0.436151474	0.119506689	-0.108123138	0	0	0	0	0	210	2	0	0	0	0	16619	2	137	16	0	214	57	0	0	0	0	0	0	0	0	0	4	4757	132	22150
Takifugu Rubripes	Actinopteri	Actinopteri	0.574241973	0.34752461	-0.061772285	-0.008524856	0	0	1	0	27	152	6	0	0	0	0	21383	2	255	4	0	163	410	0	0	0	0	0	0	0	0	18	1	1168	816	24406
Tupaia Belangeri	Mammalia	Mammalia	0.939602299	0.56863646	0.050029384	0.104783552	0	0	0	0	0	640	147	2	22	0	0	15471	0	86	0	0	706	1470	0	0	0	0	0	0	0	0	0	0	0	2313	20857
Tursiops Truncatus	Mammalia	Mammalia	0.907190065	0.54902095	0.009313408	0.088201398	0	0	0	0	0	1101	128	2	22	0	0	16550	0	734	0	0	802	1001	0	0	0	0	0	0	0	0	0	0	0	925	21265
Ursus Maritimus	Mammalia	Mammalia	0.922153589	0.558076702	0.058700389	-0.007598709	1	0	0	0	14	205	569	2	22	0	0	18699	9	161	27	0	607	1238	0	0	3	0	7	0	0	0	0	0	2456	325	24345
Xenopus Tropicalis	Amphibia	Amphibia	0.505482313	0.305912058	-0.102551828	0.02730452	0	0	0	0	5	267	24	2	22	0	0	22102	20	533	18	0	347	780	0	0	0	0	0	0	0	0	6	4	0	484	24614
Xiphophorus Maculatus	Actinopteri	Actinopteri	0.12951436	0.078380595	-0.180663698	-0.017318345	0	0	1	0	15	69	18	2	22	0	0	23753	2	28	8	0	170	77	1	0	0	0	5	0	0	0	0	0	0	38	24209
